[gd_scene load_steps=17 format=3 uid="uid://cahfo4lc3ufi6"]

[ext_resource type="PackedScene" uid="uid://7bk2wqvaqlga" path="res://scenes/furniture/couch.tscn" id="1_0wfyh"]
[ext_resource type="Script" uid="uid://bsv40w867i0ye" path="res://code/player.gd" id="1_o5qli"]
[ext_resource type="PackedScene" uid="uid://radh5inlv8e4" path="res://scenes/dirt_map.tscn" id="3_jyhfs"]
[ext_resource type="Shader" uid="uid://pvkxr1hha1sn" path="res://code/shaders/dust_shader.gdshader" id="3_sugp2"]

[sub_resource type="ProceduralSkyMaterial" id="ProceduralSkyMaterial_7dm0k"]
sky_top_color = Color(0.344926, 0.309394, 1, 1)
sky_horizon_color = Color(9.62615e-07, 0.720907, 0.914811, 1)
ground_bottom_color = Color(0.0915683, 4.81307e-07, 0.539424, 1)
ground_horizon_color = Color(0, 0.77729, 0.483354, 1)

[sub_resource type="Sky" id="Sky_ig7tw"]
sky_material = SubResource("ProceduralSkyMaterial_7dm0k")

[sub_resource type="Environment" id="Environment_0xm2m"]
background_mode = 2
sky = SubResource("Sky_ig7tw")
ambient_light_source = 3

[sub_resource type="PhysicsMaterial" id="PhysicsMaterial_sgp6g"]

[sub_resource type="BoxShape3D" id="BoxShape3D_sgp6g"]
size = Vector3(40, 1, 30)

[sub_resource type="StandardMaterial3D" id="StandardMaterial3D_h2yge"]
albedo_color = Color(0.233925, 0.233925, 0.233925, 1)

[sub_resource type="PlaneMesh" id="PlaneMesh_1bvp3"]
material = SubResource("StandardMaterial3D_h2yge")
size = Vector2(40, 30)

[sub_resource type="CylinderShape3D" id="CylinderShape3D_sgp6g"]
height = 0.1
radius = 0.35

[sub_resource type="CylinderMesh" id="CylinderMesh_sgp6g"]
top_radius = 0.35
bottom_radius = 0.35
height = 0.1

[sub_resource type="ViewportTexture" id="ViewportTexture_jyhfs"]
viewport_path = NodePath("SubViewport")

[sub_resource type="ShaderMaterial" id="ShaderMaterial_tbgi4"]
resource_local_to_scene = true
render_priority = 0
shader = ExtResource("3_sugp2")
shader_parameter/albedo = Color(1, 1, 1, 1)
shader_parameter/texture_albedo = SubResource("ViewportTexture_jyhfs")
shader_parameter/albedo_texture_size = Vector2i(0, 0)
shader_parameter/point_size = 1.0

[sub_resource type="PlaneMesh" id="PlaneMesh_tefeu"]
resource_local_to_scene = true
material = SubResource("ShaderMaterial_tbgi4")
size = Vector2(40, 30)

[node name="Main" type="Node3D"]

[node name="Room" type="Node3D" parent="."]

[node name="WorldEnvironment" type="WorldEnvironment" parent="Room"]
environment = SubResource("Environment_0xm2m")

[node name="Sun" type="DirectionalLight3D" parent="Room"]
transform = Transform3D(0.9173901, 0.36889082, -0.14938197, -0.0009577241, 0.3773869, 0.9260552, 0.39798805, -0.8494109, 0.34656423, 0, 3.89882, 0)
light_color = Color(0.337255, 0.533333, 1, 1)
shadow_enabled = true
directional_shadow_mode = 1
directional_shadow_max_distance = 10.0

[node name="Floor" type="StaticBody3D" parent="Room"]
physics_material_override = SubResource("PhysicsMaterial_sgp6g")

[node name="BoxCollider" type="CollisionShape3D" parent="Room/Floor"]
transform = Transform3D(1, 0, 0, 0, 1, 0, 0, 0, 1, 0, -0.5, 0)
shape = SubResource("BoxShape3D_sgp6g")

[node name="Mesh" type="MeshInstance3D" parent="Room/Floor"]
mesh = SubResource("PlaneMesh_1bvp3")
skeleton = NodePath("../../..")

[node name="Couch" parent="Room" instance=ExtResource("1_0wfyh")]
transform = Transform3D(0.41378772, 0, 0.9103734, 0, 1, 0, -0.9103734, 0, 0.41378772, -2.65407, 0.361659, 0)

[node name="Couch2" parent="Room" instance=ExtResource("1_0wfyh")]
transform = Transform3D(0.97638285, 0, -0.21604767, 0, 1, 0, 0.21604767, 0, 0.97638285, 1.9925032, 0.361659, 3.2685292)

[node name="Couch3" parent="Room" instance=ExtResource("1_0wfyh")]
transform = Transform3D(0.79484904, 0, 0.60680723, 0, 1, 0, -0.60680723, 0, 0.79484904, 2.1559303, 0.361659, -2.7281702)

[node name="Couch4" parent="Room" instance=ExtResource("1_0wfyh")]
transform = Transform3D(-0.71278536, 0, 0.7013822, 0, 1, 0, -0.7013822, 0, -0.71278536, -2.2031147, 0.361659, -3.66627)

[node name="Couch5" parent="Room" instance=ExtResource("1_0wfyh")]
transform = Transform3D(-0.71278536, 0, 0.7013822, 0, 1, 0, -0.7013822, 0, -0.71278536, 3.6030967, 0.361659, 0.16803741)

[node name="Player" type="CharacterBody3D" parent="." node_paths=PackedStringArray("dirt_map")]
transform = Transform3D(1, 0, 0, 0, 1, 0, 0, 0, 1, 0, 0.0676021, 0)
script = ExtResource("1_o5qli")
dirt_map = NodePath("../DirtMap")

[node name="CylinderCollider" type="CollisionShape3D" parent="Player"]
shape = SubResource("CylinderShape3D_sgp6g")

[node name="Mesh" type="MeshInstance3D" parent="Player"]
mesh = SubResource("CylinderMesh_sgp6g")
skeleton = NodePath("")

[node name="Main Camera" type="Camera3D" parent="Player"]
transform = Transform3D(1, 0, 0, 0, 0.991216, 0.132256, 0, -0.132256, 0.991216, 0, 0.4208152, 0.9783993)

[node name="OmniLight3D" type="OmniLight3D" parent="Player"]
transform = Transform3D(1, 0, 0, 0, 1, 0, 0, 0, 1, 0, 0.0255488, 0)
light_color = Color(0, 0.509804, 1, 1)
light_energy = 0.515
shadow_enabled = true

[node name="DirtMap" parent="." instance=ExtResource("3_jyhfs")]
transform = Transform3D(1, 0, 0, 0, 1, 0, 0, 0, 1, 0, 0.012022905, 0)
mesh = SubResource("PlaneMesh_tefeu")
