[gd_scene load_steps=14 format=3 uid="uid://crspbokqxy40t"]

[ext_resource type="PackedScene" uid="uid://boalb6fv71toe" path="res://scenes/furniture/MEDIUM_PROPS/pizza_box.tscn" id="1_uygir"]
[ext_resource type="PackedScene" uid="uid://33s11lq11nwr" path="res://scenes/furniture/MEDIUM_PROPS/pizza_slice.tscn" id="2_i36oc"]
[ext_resource type="PackedScene" uid="uid://cbupwg7nqnp7m" path="res://scenes/furniture/MEDIUM_PROPS/pillow_01.tscn" id="3_dbup7"]
[ext_resource type="PackedScene" uid="uid://of1cgxuvraiv" path="res://scenes/furniture/MEDIUM_PROPS/pillow_02.tscn" id="4_300ub"]
[ext_resource type="PackedScene" uid="uid://bypcgdx245vcd" path="res://scenes/furniture/MEDIUM_PROPS/robo_box.tscn" id="5_ltjp0"]
[ext_resource type="PackedScene" uid="uid://cvv0yrmh56yx3" path="res://scenes/furniture/MEDIUM_PROPS/Vent.tscn" id="6_ltjp0"]
[ext_resource type="PackedScene" uid="uid://buvpsmhl1bd8m" path="res://scenes/furniture/MEDIUM_PROPS/cat_bowl.tscn" id="7_71kpc"]
[ext_resource type="PackedScene" uid="uid://dk5fck1jf6l4s" path="res://scenes/furniture/MEDIUM_PROPS/pizza_slice_2.tscn" id="8_8vcyt"]
[ext_resource type="PackedScene" uid="uid://boeag0lr6jr1e" path="res://scenes/furniture/MEDIUM_PROPS/pillow_3.tscn" id="9_hkvkq"]
[ext_resource type="PackedScene" uid="uid://ckhaa76vvgbwy" path="res://scenes/room/room_walls_t01.tscn" id="10_8vcyt"]
[ext_resource type="PackedScene" uid="uid://b5yftnhiuy82w" path="res://scenes/furniture/MEDIUM_PROPS/mug.tscn" id="10_gloqb"]
[ext_resource type="PackedScene" uid="uid://bx6wo5s48pcm1" path="res://scenes/room/furnitureLayout_01.tscn" id="11_hkvkq"]
[ext_resource type="PackedScene" uid="uid://esj05x8axr2y" path="res://scenes/furniture/MEDIUM_PROPS/plate.tscn" id="11_hsk1u"]

[node name="Med_Props" type="Node3D"]

[node name="Medium" type="Node3D" parent="."]

[node name="Pizza_Box" parent="Medium" instance=ExtResource("1_uygir")]
transform = Transform3D(0.84360707, 0, 0.536961, 0, 1, 0, -0.536961, 0, 0.84360707, 0.67354655, 0.7125346, -0.00219059)

[node name="Pizza_Box2" parent="Medium" instance=ExtResource("1_uygir")]
transform = Transform3D(0.7126997, 0, -0.70146924, 0, 1, 0, 0.70146924, 0, 0.7126997, -1.8651035, 0.5700921, 1.8480284)

[node name="Pizza_Box3" parent="Medium" instance=ExtResource("1_uygir")]
transform = Transform3D(0.6323539, 0, -0.77467966, 0, 1, 0, 0.77467966, 0, 0.6323539, 2.0646935, 0.8800918, -5.1137877)

[node name="pizzaSlice" parent="Medium" instance=ExtResource("2_i36oc")]
transform = Transform3D(1, 0, 0, 0, 1, 0, 0, 0, 1, -1.7166138, 0.56999975, 1.2101506)

[node name="pizzaSlice2" parent="Medium" instance=ExtResource("2_i36oc")]
transform = Transform3D(1, 0, 0, 0, 1, 0, 0, 0, 1, 3.0511875, 5.7841683e-09, -0.4580146)

[node name="pizzaSlice3" parent="Medium" instance=ExtResource("2_i36oc")]
transform = Transform3D(1, 0, 0, 0, 1, 0, 0, 0, 1, 1.7673974, 1.1931907e-07, -1.9698647)

[node name="pizzaSlice4" parent="Medium" instance=ExtResource("2_i36oc")]
transform = Transform3D(0.24093951, 0, -0.9705401, 0, 1, 0, 0.9705401, 0, 0.24093951, 1.4612176, 4.2355687e-08, -0.6799483)

[node name="Node3D" parent="Medium" instance=ExtResource("3_dbup7")]
transform = Transform3D(0.4246188, -0.7628747, 0.48756647, 0.036224995, 0.55241036, 0.832785, -0.9046473, -0.33595413, 0.26219893, -0.041726142, 0.69719344, 2.325011)

[node name="pillow02" parent="Medium" instance=ExtResource("4_300ub")]
transform = Transform3D(1, 0, 0, 0, 0.5310141, -0.847363, 0, 0.847363, 0.5310141, -1.4022025, 0.69149524, -2.0853918)

[node name="pillow03" parent="Medium" instance=ExtResource("4_300ub")]
transform = Transform3D(0.7637735, 0, -0.6454844, 0, 1, 0, 0.6454844, 0, 0.7637735, -0.6031697, 0.59728837, -1.7051384)

[node name="Node3D2" parent="Medium" instance=ExtResource("3_dbup7")]
transform = Transform3D(1, 0, 0, 0, 1, 0, 0, 0, 1, -3.069526, 0.5972883, -0.34626603)

[node name="robo_Box" parent="Medium" instance=ExtResource("5_ltjp0")]
transform = Transform3D(-0.3918875, 0, 0.9200132, 0, 1, 0, -0.92001307, 0, -0.3918875, 4.279045, 0.0033374727, -1.448441)

[node name="Vent_cover" parent="Medium" instance=ExtResource("6_ltjp0")]
transform = Transform3D(1, 0, 0, 0, 1, 0, 0, 0, 1, 4.8089237, -0.026804212, 4.1401386)

[node name="Pizza_Box4" parent="Medium" instance=ExtResource("1_uygir")]
transform = Transform3D(0.6055996, 0, -0.7957695, 0, 1, 0, 0.7957695, 0, 0.6055996, -0.9537498, 0.78009284, -4.616455)

[node name="catBowl" parent="Medium" instance=ExtResource("7_71kpc")]
transform = Transform3D(2.4016035, 0, 2.6480436, 0, 2.4155738, 0, -2.6035953, 0, 2.442603, -4.418231, 0.7800004, -4.7186775)

[node name="Pizza_Slice_2" parent="Medium" instance=ExtResource("8_8vcyt")]
transform = Transform3D(1, 0, 0, 0, 1, 0, 0, 0, 1, -4.1420937, 0.78000015, -6.9323025)

[node name="pizzaSlice5" parent="Medium" instance=ExtResource("2_i36oc")]
transform = Transform3D(1, 0, 0, 0, 1, 0, 0, 0, 1, -2.7368536, 0.7800001, -7.4089484)

[node name="pizzaSlice6" parent="Medium" instance=ExtResource("2_i36oc")]
transform = Transform3D(1, 0, 0, 0, 1, 0, 0, 0, 1, -3.166051, 0.7800005, -4.7766623)

[node name="Pizza_Slice_3" parent="Medium" instance=ExtResource("8_8vcyt")]
transform = Transform3D(1, 0, 0, 0, 1, 0, 0, 0, 1, -3.907868, 0.78000045, -4.525439)

[node name="pillow3" parent="Medium" instance=ExtResource("9_hkvkq")]
transform = Transform3D(0.46482664, -0.5500259, -0.69383556, 0, 0.78363925, -0.6212162, 0.8854017, 0.28875783, 0.3642564, -0.19431373, 0.6075081, 0.7827738)

[node name="pillow4" parent="Medium" instance=ExtResource("9_hkvkq")]
transform = Transform3D(0.74205774, 0.67033595, 0, -0.67033595, 0.74205774, 0, 0, 0, 1, -4.0199533, 0.6474515, -1.0392116)

[node name="Vent_cover2" parent="Medium" instance=ExtResource("6_ltjp0")]
transform = Transform3D(-0.034219183, 0, 0.9994143, 0, 1, 0, -0.9994143, 0, -0.034219183, -3.488356, 2.6661456, -7.6864877)

[node name="Vent_cover3" parent="Medium" instance=ExtResource("6_ltjp0")]
transform = Transform3D(1, 0, 0, 0, 1, 0, 0, 0, 1, 4.7964253, 2.6710422, -4.502132)

[node name="Vent_cover4" parent="Medium" instance=ExtResource("6_ltjp0")]
transform = Transform3D(1, 0, 0, 0, 1, 0, 0, 0, 1, -4.710357, -0.022580214, 4.138958)

[node name="Plate" parent="Medium" instance=ExtResource("11_hsk1u")]
transform = Transform3D(1, 0, 0, 0, 1, 0, 0, 0, 1, -3.76048, 0.78000045, -7.209025)

[node name="Plate2" parent="Medium" instance=ExtResource("11_hsk1u")]
transform = Transform3D(1, 0, 0, 0, 1, 0, 0, 0, 1, 1.4920018, 0.88315696, -5.609689)

[node name="Plate3" parent="Medium" instance=ExtResource("11_hsk1u")]
transform = Transform3D(1, 0, 0, 0, 1, 0, 0, 0, 1, -1.942137, 0.5699998, 1.0534232)

[node name="Mug" parent="Medium" instance=ExtResource("10_gloqb")]
transform = Transform3D(0.00353499, -1.6999955, 0.0021791912, 1.4413098, 0.0041526277, 0.9014485, -0.90145093, -2.6878486e-05, 1.4413143, 1.1681021, 0.95259625, -5.1828156)

[node name="Mug2" parent="Medium" instance=ExtResource("10_gloqb")]
transform = Transform3D(-0.8358613, -0.003290704, 1.8169547, -0.004885517, 1.9999936, 0.0013747, -1.8169514, -0.0038638504, -0.8358666, 4.348589, 4.0365734, -5.9141827)

[node name="Mug4" parent="Medium" instance=ExtResource("10_gloqb")]
transform = Transform3D(1.6999953, 0.0041527064, -2.4079658e-05, -0.0041526896, 1.6999947, 0.0011684953, 2.6918002e-05, -0.0011684354, 1.6999993, -1.890295, 0.5768419, -0.019476175)

[node name="Mug3" parent="Medium" instance=ExtResource("10_gloqb")]
transform = Transform3D(-1.461672, 0.0041527073, 0.86804324, 0.002973915, 1.6999948, -0.0031250673, -0.86804795, -0.0011684357, -1.4616745, -3.4323575, 0.7875034, -4.539677)

[node name="Mug5" parent="Medium" instance=ExtResource("10_gloqb")]
transform = Transform3D(0.63479584, 0.002634636, -1.5770311, -0.0041526896, 1.6999947, 0.001168495, 1.5770283, 0.003415978, 0.6347999, 0.6077453, 0.7118847, 1.7935014)

[node name="Plate4" parent="Medium" instance=ExtResource("11_hsk1u")]
transform = Transform3D(1, 0, 0, 0, 1, 0, 0, 0, 1, 4.163666, 4.048627, -5.6034536)

[node name="pizzaSlice7" parent="Medium" instance=ExtResource("2_i36oc")]
transform = Transform3D(-0.4527927, 0, -0.8916158, 0, 1, 0, 0.8916158, 0, -0.4527927, 4.1729674, 4.0541863, -5.604167)

[node name="Plate5" parent="Medium" instance=ExtResource("11_hsk1u")]
transform = Transform3D(1, 0, 0, 0, 1, 0, 0, 0, 1, 0.5713654, 0.7099997, -0.9863577)

[node name="Pizza_Slice_4" parent="Medium" instance=ExtResource("8_8vcyt")]
transform = Transform3D(0.988073, 0, -0.15398613, 0, 1, 0, 0.15398613, 0, 0.988073, 0.5857589, 0.71922874, -1.0974144)

[node name="Pizza_Slice_5" parent="Medium" instance=ExtResource("8_8vcyt")]
transform = Transform3D(1, 0, 0, 0, 1, 0, 0, 0, 1, 0.99709594, 0.61486554, -4.7224994)

[node name="pizzaSlice8" parent="Medium" instance=ExtResource("2_i36oc")]
transform = Transform3D(0.4023473, 0, 0.9154871, 0, 1, 0, -0.9154871, 0, 0.4023473, 3.8387163, 3.0742257, -5.7238603)

[node name="Plate6" parent="Medium" instance=ExtResource("11_hsk1u")]
transform = Transform3D(1, 0, 0, 0, 1, 0, 0, 0, 1, -2.8647919, 3.366136e-07, -5.485167)

[node name="Mug6" parent="Medium" instance=ExtResource("10_gloqb")]
transform = Transform3D(-0.40606958, 1.4994242, 0.69053304, 1.4455209, -0.020454308, 0.894456, 0.79723126, 0.80081815, -1.2700837, -3.217263, 0.07024979, -6.794401)

[node name="Mug7" parent="Medium" instance=ExtResource("10_gloqb")]
transform = Transform3D(-1.039244, 0, -1.3453523, 0, 1.7000003, 0, 1.3453523, 0, -1.039244, 3.5341802, 0.77, -0.5912893)

[node name="Mug8" parent="Medium" instance=ExtResource("10_gloqb")]
transform = Transform3D(-0.44368842, 0, 1.6410794, 0, 1.7000003, 0, -1.6410794, 0, -0.44368842, 4.1993604, 0.81000006, 2.7771802)

[node name="robo_Box2" parent="Medium" instance=ExtResource("5_ltjp0")]
transform = Transform3D(-0.07413731, 0.9937211, -0.083797015, 0.74895585, -1.3065627e-08, -0.66262007, -0.6584596, -0.111885116, -0.7442532, -4.5644035, 3.3560565, -4.188839)

[node name="REF_ONLY_DELETE_AFTER" type="Node3D" parent="."]

[node name="RoomWallsT01" parent="REF_ONLY_DELETE_AFTER" instance=ExtResource("10_8vcyt")]

[node name="FurnitureLayout01" parent="REF_ONLY_DELETE_AFTER" instance=ExtResource("11_hkvkq")]
transform = Transform3D(1, 0, 0, 0, 1, 0, 0, 0, 1, 0.0026097298, 0, -7.522106e-05)
